amir
NPOIN =36 , NELEM =72 , NBOUN =5 , NMATS =2 , NPROP =2 , NNODE =2 , NDOFN =2 , NDIME =2 , NSTRE =1
MATERIAL PROPERTIES
1   200000.0   0.00129
2   200000.0   0.00258
ELEMENT   NODES   MAT.
1   1   6   2
2   2   6   2
3   2   7   2
4   3   7   2
5   3   8   2
6   6   7   2
7   7   8   2
8   6   11   2
9   7   11   2
10   7   12   2
11   8   12   2
12   8   13   2
13   11   12   2
14   12   13   2
15   11   16   2
16   12   16   2
17   12   17   2
18   13   17   2
19   13   18   2
20   16   17   2
21   17   18   2
22   16   21   2
23   17   21   2
24   17   22   2
25   18   22   2
26   18   19   2
27   18   23   2
28   21   22   2
29   22   23   2
30   21   25   2
31   22   25   2
32   22   26   2
33   25   26   2
34   25   28   2
35   4   9   1
36   5   9   1
37   5   10   1
38   9   10   1
39   9   14   1
40   10   14   1
41   10   15   1
42   14   15   1
43   14   19   1
44   15   19   1
45   15   20   1
46   19   20   1
47   19   23   1
48   20   23   1
49   20   24   1
50   23   24   1
51   23   26   1
52   24   26   1
53   24   27   1
54   26   27   1
55   26   28   1
56   27   28   1
57   27   29   1
58   28   29   1
59   28   30   1
60   29   30   1
61   29   31   1
62   30   31   1
63   30   32   1
64   31   32   1
65   31   33   1
66   32   33   1
67   32   34   1
68   33   34   1
69   33   35   1
70   34   35   1
71   34   36   1
72   35   36   1
NODE     COORD.
1   0.0   0.0
2   0.0   1.0
3   0.0   2.0
4   0.0   6.0
5   0.0   7.0
6   1.0   1.0
7   1.0   2.0
8   1.0   3.0
9   1.0   6.0
10   1.0   7.0
11   2.0   2.0
12   2.0   3.0
13   2.0   4.0
14   2.0   6.0
15   2.0   7.0
16   3.0   3.0
17   3.0   4.0
18   3.0   5.0
19   3.0   6.0
20   3.0   7.0
21   4.0   4.0
22   4.0   5.0
23   4.0   6.0
24   4.0   7.0
25   5.0   5.0
26   5.0   6.0
27   5.0   7.0
28   6.0   6.0
29   6.0   7.0
30   7.0   6.0
31   7.0   7.0
32   8.0   6.0
33   8.0   7.0
34   9.0   6.0
35   9.0   7.0
36   10.0   6.0
RESTRAINED NODES,FIXITY CODE AND PRESCRIBED VALUES
1   1.0   0.0   1.0   0.0   
2   1.0   0.0   1.0   0.0   
3   1.0   0.0   1.0   0.0   
4   1.0   0.0   1.0   0.0   
5   1.0   0.0   1.0   0.0   
NODE   LOADS
36   0.0   -0.1   
NODE DISPLACEMENTS      REACTIONS
1   0.0   0.0   0.0219645027426423   0.0219645027426423   
2   0.0   0.0   0.048900159300273624   0.032272114330318756   
3   0.0   0.0   0.12235287784806381   0.05994245970222181   
4   0.0   0.0   -0.05891686424039768   -0.0   
5   0.0   0.0   -0.1343006756505835   -0.014179076775175922   
6   -3.222489335262572e-05   -8.817238443584634e-05   0   0   
7   -0.00012095042276325969   -5.594749108322058e-05   0   0   
8   -0.00034550619157137035   1.693472074623533e-05   0   0   
9   0.0002283599389162701   0.0003838036806014109   0   0   
10   0.0005755029163789126   0.00043876134252069743   0   0   
11   -0.00020124352704968917   -0.00013069679097787478   0   0   
12   -0.00041838840340082615   -5.040368669144528e-05   0   0   
13   -0.0004749744432110734   2.3973526410734182e-05   0   0   
14   0.00040176221591325365   0.0004204643837401792   0   0   
15   0.0012059634946771118   0.0004754220456594657   0   0   
16   -0.0004971865064145319   -0.0002734000459459356   0   0   
17   -0.0005493516563132531   -0.00019460194293223002   0   0   
18   -0.00025645328194068024   -0.00010660655383363084   0   0   
19   0.0005202068309909507   -5.489087634155489e-05   0   0   
20   0.0018913817348945974   0.00010349814056188352   0   0   
21   -0.0006145315833305392   -0.0008175758953053415   0   0   
22   -0.0002927329935472035   -0.0007523959682880551   0   0   
23   0.0005836937841493614   -0.0007561980185117845   0   0   
24   0.002735188992015521   -0.0004706699441043783   0   0   
25   -0.0003979946823947423   -0.001879990396081221   0   0   
26   0.0006235348783557604   -0.001774728707233682   0   0   
27   0.0038645243235438504   -0.0013536764418627149   0   0   
28   0.00030284871142323655   -0.003724436405672254   0   0   
29   0.005414911920443147   -0.004112033304897088   0   0   
30   -0.0012475388854760539   -0.011870773694051321   0   0   
31   0.00657770261811761   -0.012258370593276152   0   0   
32   -0.002410329583150512   -0.022342692377779295   0   0   
33   0.007352896416567243   -0.022730289277004122   0   0   
34   -0.0031855233816001417   -0.034364998658406504   0   0   
35   0.007740493315792053   -0.03475259555763132   0   0   
36   -0.0035731202808249496   -0.04716249873748328   0   0   
1   0.03106249766942578   
2   0.01662804496995487   
3   0.0456396617723919   
4   0.062410418145842   
5   0.0847714394728848   
6   0.016628044969954892   
7   0.03760722130399925   
8   0.05457810438168568   
9   0.04143124181179761   
10   0.0753086974714141   
11   0.03760722130399918   
12   0.031586797061602674   
13   0.04143124181179761   
14   0.0383786419607246   
15   0.11317072845788909   
16   0.04065982115507216   
17   0.07099166936152859   
18   0.03837864196072474   
19   -0.022688798904715247   
20   0.04065982115507208   
21   0.045405620774877184   
22   0.17067239897905656   
23   0.03363284234091962   
24   0.07770324354816208   
25   0.018720331188966016   
26   0.02668528958591119   
27   -0.049163345164267104   
28   0.033632842340919844   
29   0.0019618579154443982   
30   0.2182364207587413   
31   0.05431503144533001   
32   0.027364735697006978   
33   0.05431503144533012   
34   0.2950494748694477   
35   -0.05891686424039768   
36   0.020052242677383158   
37   -0.14847975242575945   
38   0.014179076775175922   
39   -0.04473778746522176   
40   0.020052242677383147   
41   -0.16265882920093538   
42   0.014179076775175922   
43   -0.030558710690045843   
44   0.020052242677383116   
45   -0.17683790597611126   
46   0.04086436636108711   
47   -0.016379633914869962   
48   0.05779094112563226   
49   -0.2177022723371983   
50   0.0736662431971108   
51   -0.010279002305250945   
52   0.1041798002184289   
53   -0.291368515534309   
54   0.10863148446570953   
55   0.08273703106859116   
56   0.1536281186321286   
57   -0.40000000000001856   
58   0.10000000000000708   
59   0.4000000000000169   
60   -0.14142135623731922   
61   -0.3000000000000116   
62   0.1000000000000063   
63   0.3000000000000102   
64   -0.14142135623731747   
65   -0.20000000000000506   
66   0.10000000000000586   
67   0.2000000000000045   
68   -0.14142135623731528   
69   -0.1000000000000012   
70   0.10000000000000142   
71   0.10000000000000042   
72   -0.14142135623731025   

